174625611713115517624705052411
212431417407701273110014103327
346761334210361267167741773643
764106113154770411260127322762
134767617015721124540404046221
175701657444540620100666403256
150444664234231567762472277445
552342447476310763674517027132
722556117351542110613626606040
567444732326346110207527260022
617370557000071024555606344334
703552345226411662152665345047
654367511661353664073563046711
435335672221726335113316367013
050050124115607062721344116253
061633213304274471333454630154
413312075271344100222156524634
174262346236111537412232633375
021116341541530374405656027004
216172535626432553034113046200
130167203643477506424744116002
260531712127352217575452057672
001617233710771467332241670103
167574513054730225454770535675
674601346763624017364566215753
417543347737163402745677670424
663005412666144667050226653104
505003332733424402435645140457
330637135402566307217100773346
171174165607205600525472407337
575752213217643360343746554425
013243024730523626674037655144
362633722311251432253247031106
101342424212626166262570306762
771176314231335775467127014556
140507027072652633140054157176
624510441516016106613772103307
052243574672130074427515405263
777307344226166526454063261255
362011050735303611174142232514
715752177730110112643563016647
314657460115305463671544353655
132524443777753373424045103015
765213146014375145560401325036
033433230412012440627442411525
203437023123032323007003145343
525106413367070515113175772634
457705240326372273606716505052
741331261117652516166257536575
315776020600263446071410745274
